2025 10 01 34242 34242.5 2620 16  5.000  5.000  4.667  4.000  5.000  4.667  6.333  4.333   48   48   39   27   48   39   94   32    47 167    184.0    184.4 1
2025 10 02 34243 34243.5 2620 17  5.333  6.667  4.333  4.667  4.000  2.667  5.000  4.333   56  111   32   39   27   12   48   32    45 169    167.8    168.1 1
2025 10 03 34244 34244.5 2620 18  4.333  5.000  4.667  4.000  3.333  3.667  3.667  2.667   32   48   39   27   18   22   22   12    28 173    169.6    169.8 1
2025 10 04 34245 34245.5 2620 19  3.000  3.333  3.667  3.667  4.000  3.667  3.000  2.333   15   18   22   22   27   22   15    9    19 154    157.6    157.7 1
2025 10 05 34246 34246.5 2620 20  2.333  3.333  3.000  1.333  2.000  1.000  0.333  1.000    9   18   15    5    7    4    2    4     8 148    147.7    147.7 1
2025 10 06 34247 34247.5 2620 21  0.333  0.000  0.667  0.667  1.333  1.667  1.667  2.000    2    0    3    3    5    6    6    7     4 146    133.1    133.0 1
2025 10 07 34248 34248.5 2620 22  2.000  2.333  2.333  2.667  4.000  3.333  2.667  2.000    7    9    9   12   27   18   12    7    13 124    130.5    130.3 1
2025 10 08 34249 34249.5 2620 23  2.667  3.667  2.333  1.667  2.333  2.333  1.333  0.333   12   22    9    6    9    9    5    2     9  77    119.6    119.4 1
2025 10 09 34250 34250.5 2620 24  0.333  0.333  2.000  0.667  1.000  0.667  1.333  2.000    2    2    7    3    4    3    5    7     4  61    121.6    121.3 1
2025 10 10 34251 34251.5 2620 25  3.333  2.000  2.667  2.000  1.333  1.000  1.333  1.667   18    7   12    7    5    4    5    6     8  79    120.7    120.3 1
2025 10 11 34252 34252.5 2620 26  2.000  3.667  4.333  3.000  2.000  2.333  2.667  3.667    7   22   32   15    7    9   12   22    16 106    131.2    130.7 1
2025 10 12 34253 34253.5 2620 27  4.000  4.000  4.000  4.000  4.000  4.667  5.000  4.333   27   27   27   27   27   39   48   32    32 128    142.5    141.9 1
2025 10 13 34254 34254.5 2621  1  4.667  4.333  3.333  3.667  3.000  2.667  3.333  2.667   39   32   18   22   15   12   18   12    21 128    141.4    140.7 1
2025 10 14 34255 34255.5 2621  2  2.333  2.000  2.000  1.333  2.000  2.000  1.000  2.333    9    7    7    5    7    7    4    9     7 126    154.4    153.6 1
2025 10 15 34256 34256.5 2621  3  3.667  3.333  3.000  2.333  1.667  1.000  0.667  1.667   22   18   15    9    6    4    3    6    10 122    162.1    161.1 1
2025 10 16 34257 34257.5 2621  4  0.333  0.333  1.333  1.000  0.667  0.333  1.333  1.333    2    2    5    4    3    2    5    5     4 134    160.6    159.6 1
2025 10 17 34258 34258.5 2621  5  1.333  1.667  2.667  3.667  2.333  3.000  1.667  1.333    5    6   12   22    9   15    6    5    10 119    164.3    163.2 1
2025 10 18 34259 34259.5 2621  6  3.667  4.333  4.667  4.000  3.333  4.667  6.333  4.333   22   32   39   27   18   39   94   32    38 114    157.1    155.9 1
2025 10 19 34260 34260.5 2621  7  5.000  3.000  2.000  3.333  3.000  3.333  2.333  2.667   48   15    7   18   15   18    9   12    18 105    148.5    147.3 1
2025 10 20 34261 34261.5 2621  8  2.667  2.667  2.333  1.333  1.667  1.000  1.333  1.667   12   12    9    5    6    4    5    6     7 110    140.4    139.1 1
2025 10 21 34262 34262.5 2621  9  2.667  3.000  1.667  0.333  1.000  1.333  2.667  2.333   12   15    6    2    4    5   12    9     8 122    132.9    131.7 1
2025 10 22 34263 34263.5 2621 10  0.333  0.667  0.667  0.667  1.000  1.000  1.333  1.333    2    3    3    3    4    4    5    5     4 110    132.9    131.6 1
2025 10 23 34264 34264.5 2621 11  1.667  1.000  0.000  1.333  1.333  1.000  2.000  2.333    6    4    0    5    5    4    7    9     5 100    129.9    128.6 1
2025 10 24 34265 34265.5 2621 12  2.667  2.333  2.000  2.333  2.000  2.333  3.000  1.333   12    9    7    9    7    9   15    5     9 101    133.6    132.2 1
2025 10 25 34266 34266.5 2621 13  2.333  3.667  3.000  2.000  2.000  0.667  0.333  0.333    9   22   15    7    7    3    2    2     8 100    127.0    125.6 1
2025 10 26 34267 34267.5 2621 14  0.667  0.667  1.333  1.333  0.000  0.667  0.000  0.667    3    3    5    5    0    3    0    3     3 103    123.4    121.9 1
2025 10 27 34268 34268.5 2621 15  0.667  0.667  0.667  0.667  0.667  1.667  2.000  3.000    3    3    3    3    3    6    7   15     5  98    121.4    119.9 1
2025 10 28 34269 34269.5 2621 16  3.000  3.333  3.333  2.000  3.333  3.000  4.000  4.000   15   18   18    7   18   15   27   27    18 114    122.3    120.7 1
2025 10 29 34270 34270.5 2621 17  2.333  2.667  3.333  3.000  3.000  3.667  4.000  4.333    9   12   18   15   15   22   27   32    19 100    118.4    116.8 1
2025 10 30 34271 34271.5 2621 18  4.333  3.667  4.000  5.333  5.333  4.333  3.667  5.000   32   22   27   56   56   32   22   48    37  70    120.3    118.6 1
2025 10 31 34272 34272.5 2621 19  4.333  4.667  4.333  3.333  3.667  3.000  2.667  2.667   32   39   32   18   22   15   12   12    23  44    125.3    123.4 1
2025 11 01 34273 34273.5 2621 20  2.667  3.333  2.667  2.333  2.667  3.000  3.000  2.333   12   18   12    9   12   15   15    9    13  20    115.3    113.6 1
2025 11 02 34274 34274.5 2621 21  4.333  3.333  2.333  2.333  2.333  3.667  2.667  3.000   32   18    9    9    9   22   12   15    16  41    123.0    121.1 1
2025 11 03 34275 34275.5 2621 22  2.667  3.333  4.333  3.667  3.333  3.667  3.000  3.333   12   18   32   22   18   22   15   18    20  72    133.0    130.8 1
2025 11 04 34276 34276.5 2621 23  3.000  2.333  2.000  3.000  1.667  2.000  1.667  1.667   15    9    7   15    6    7    6    6     9  84    159.2    156.6 1
2025 11 05 34277 34277.5 2621 24  3.667  3.333  4.000  2.000  1.667  2.333  4.000  5.667   22   18   27    7    6    9   27   67    23  78    147.5    144.9 1
2025 11 06 34278 34278.5 2621 25  5.000  6.667  6.000  3.667  2.000  3.000  3.667  4.667   48  111   80   22    7   15   22   39    43 109    163.7    160.8 1
2025 11 07 34279 34279.5 2621 26  5.333  5.333  5.000  4.000  3.333  3.000  3.000  3.000   56   56   48   27   18   15   15   15    31 131    165.8    162.7 1
2025 11 08 34280 34280.5 2621 27  6.000  5.333  5.333  3.667  3.333  3.333  2.667  1.333   80   56   56   22   18   18   12    5    33 143    171.9    168.7 1
2025 11 09 34281 34281.5 2622  1  1.667  1.333  2.333  1.000  2.000  1.000  1.000  3.000    6    5    9    4    7    4    4   15     7 154    175.6    172.3 1
2025 11 10 34282 34282.5 2622  2  2.667  2.000  1.000  2.333  2.667  4.333  3.000  3.333   12    7    4    9   12   32   15   18    14 152    180.3    176.8 1
2025 11 11 34283 34283.5 2622  3  1.333  2.667  1.000  2.333  0.667  1.000  0.333  2.333    5   12    4    9    3    4    2    9     6 151    168.0    164.7 1
2025 11 12 34284 34284.5 2622  4  8.667  8.667  7.000  7.667  5.333  4.333  5.667  4.000  300  300  132  179   56   32   67   27   137 137    163.3    160.0 1
2025 11 13 34285 34285.5 2622  5  6.667  7.333  6.333  3.667  4.667  3.667  2.667  0.667  111  154   94   22   39   22   12    3    57 127    155.9    152.7 1
2025 11 14 34286 34286.5 2622  6  0.667  0.667  0.667  1.333  1.000  1.000  0.333  0.000    3    3    3    5    4    4    2    0     3 103    145.3    142.2 1
2025 11 15 34287 34287.5 2622  7  1.333  1.000  2.000  1.667  1.667  1.667  3.333  3.000    5    4    7    6    6    6   18   15     8 100    132.3    129.4 1
2025 11 16 34288 34288.5 2622  8  3.333  3.667  2.667  2.667  3.667  3.000  3.000  3.333   18   22   12   12   22   15   15   18    17  71    132.3    129.3 1
2025 11 17 34289 34289.5 2622  9  3.667  2.667  3.000  1.000  2.000  0.667  2.000  2.000   22   12   15    4    7    3    7    7    10  57    122.3    119.5 1
2025 11 18 34290 34290.5 2622 10  2.333  2.000  2.000  0.333  0.000  0.000  0.000  0.667    9    7    7    2    0    0    0    3     4  62    120.1    117.4 1
2025 11 19 34291 34291.5 2622 11  0.333  0.000  0.667  0.333  0.333  0.333  1.000  0.333    2    0    3    2    2    2    4    2     2  54    122.5    119.6 1
2025 11 20 34292 34292.5 2622 12  0.333  1.667  1.000  1.000  0.333  2.000  2.667  3.000    2    6    4    4    2    7   12   15     6  59    121.4    118.5 1
2025 11 21 34293 34293.5 2622 13  2.667  2.667  0.667  1.333  1.667  2.000  2.000  1.333   12   12    3    5    6    7    7    5     7  65    121.2    118.3 1
2025 11 22 34294 34294.5 2622 14  2.000  1.000  0.667  0.333  1.000  0.667  1.667  2.333    7    4    3    2    4    3    6    9     5  61    119.3    116.4 1
2025 11 23 34295 34295.5 2622 15  2.667  1.667  1.667  2.333  3.000  3.667  2.667  2.333   12    6    6    9   15   22   12    9    11  80    119.6    116.7 1
2025 11 24 34296 34296.5 2622 16  3.000  3.000  3.333  3.333  4.667  3.667  3.333  3.333   15   15   18   18   39   22   18   18    20 102    116.2    113.2 1
2025 11 25 34297 34297.5 2622 17  4.667  4.667  4.333  4.000  4.000  4.000  4.000  2.667   39   39   32   27   27   27   27   12    29  99    116.9    113.9 1
2025 11 26 34298 34298.5 2622 18  2.667  4.000  4.333  3.333  4.000  4.333  3.333  3.000   12   27   32   18   27   32   18   15    23  82    120.8    117.7 1
2025 11 27 34299 34299.5 2622 19  2.667  3.333  4.000  4.333  4.000  3.667  4.333  4.333   12   18   27   32   27   22   32   32    25  90    120.9    117.7 1
2025 11 28 34300 34300.5 2622 20  3.333  3.000  3.667  4.000  3.667  3.667  3.333  2.667   18   15   22   27   22   22   18   12    20  83    138.2    134.5 1
2025 11 29 34301 34301.5 2622 21  2.333  3.333  3.667  3.333  4.000  4.000  3.000  3.000    9   18   22   18   27   27   15   15    19  84    170.7    166.0 1
2025 11 30 34302 34302.5 2622 22  3.667  4.000  2.333  3.000  1.333  2.333  3.000  2.667   22   27    9   15    5    9   15   12    14 102    180.4    175.4 1
2025 12 01 34303 34303.5 2622 23  3.667  0.667  1.667  1.667  2.000  3.000  2.000  1.333   22    3    6    6    7   15    7    5     9 156    196.7    191.2 1
2025 12 02 34304 34304.5 2622 24  2.000  2.667  0.667  1.667  1.000  2.000  2.667  2.000    7   12    3    6    4    7   12    7     7 180    200.9    195.2 1
2025 12 03 34305 34305.5 2622 25  1.000  2.333  1.667  2.667  4.000  4.333  6.667  5.000    4    9    6   12   27   32  111   48    31 186    209.5    203.6 1
2025 12 04 34306 34306.5 2622 26  5.000  5.000  4.667  4.333  4.000  4.000  3.667  3.000   48   48   39   32   27   27   22   15    32 186    219.9    213.6 1
2025 12 05 34307 34307.5 2622 27  3.000  3.333  3.333  2.667  2.333  2.333  3.333  2.667   15   18   18   12    9    9   18   12    14 176    206.1    200.2 1
2025 12 06 34308 34308.5 2623  1  3.333  3.667  4.000  3.000  2.667  2.333  2.000  1.667   18   22   27   15   12    9    7    6    14 171    199.9    194.0 1
2025 12 07 34309 34309.5 2623  2  2.333  3.333  3.000  2.333  1.333  0.000  0.000  0.000    9   18   15    9    5    0    0    0     7 161    194.4    188.6 1
2025 12 08 34310 34310.5 2623  3  0.000  0.333  0.000  0.000  0.000  0.000  1.000  0.333    0    2    0    0    0    0    4    2     1 164    186.2    180.7 1
2025 12 09 34311 34311.5 2623  4  0.667  0.000  0.667  0.667  1.333  1.333  1.333  1.000    3    0    3    3    5    5    5    4     4 155    183.7    178.1 1
2025 12 10 34312 34312.5 2623  5  2.000  2.333  3.333  1.333  2.000  2.333  3.000  6.000    7    9   18    5    7    9   15   80    19 132    168.5    163.4 1
2025 12 11 34313 34313.5 2623  6  6.000  4.667  2.333  2.000  2.000  3.667  4.667  3.000   80   39    9    7    7   22   39   15    27 121    146.9    142.4 1
2025 12 12 34314 34314.5 2623  7  4.000  4.000  3.000  3.333  3.000  4.000  5.000  4.667   27   27   15   18   15   27   48   39    27  98    134.5    130.4 1
2025 12 13 34315 34315.5 2623  8  4.667  2.333  2.000  2.333  2.333  2.333  3.333  2.333   39    9    7    9    9    9   18    9    14  86    122.1    118.3 1
2025 12 14 34316 34316.5 2623  9  2.667  2.000  1.000  1.667  1.000  1.000  1.333  0.667   12    7    4    6    4    4    5    3     6  71    118.8    115.1 1
2025 12 15 34317 34317.5 2623 10  0.667  0.333  1.000  1.333  3.000  1.333  0.333  1.333    3    2    4    5   15    5    2    5     5  77    118.3    114.6 1
2025 12 16 34318 34318.5 2623 11  3.000  2.333  1.667  2.000  2.333  3.000  2.333  2.667   15    9    6    7    9   15    9   12    10  78    116.7    113.0 1
2025 12 17 34319 34319.5 2623 12  2.333  3.000  2.667  2.333  2.667  2.667  4.000  4.667    9   15   12    9   12   12   27   39    17  82    118.5    114.7 1
2025 12 18 34320 34320.5 2623 13  4.333  2.667  3.667  3.333  2.000  3.000  3.000  2.667   32   12   22   18    7   15   15   12    17  67    115.9    112.2 1
2025 12 19 34321 34321.5 2623 14  2.333  2.000  1.333  0.667  1.000  1.667  2.000  1.667    9    7    5    3    4    6    7    6     6  50    118.2    114.4 1
2025 12 20 34322 34322.5 2623 15  2.000  0.667  1.333  1.000  1.667  2.000  1.667  1.667    7    3    5    4    6    7    6    6     6  59    119.5    115.7 1
2025 12 21 34323 34323.5 2623 16  3.333  2.667  3.000  3.667  4.667  4.667  3.333  4.667   18   12   15   22   39   39   18   39    25  68    123.9    120.0 1
2025 12 22 34324 34324.5 2623 17  3.333  3.333  3.333  3.000  4.667  3.667  3.667  4.333   18   18   18   15   39   22   22   32    23  82    133.3    129.0 1
2025 12 23 34325 34325.5 2623 18  3.000  3.667  3.333  3.333  3.333  3.333  4.000  4.000   15   22   18   18   18   18   27   27    20 110    141.6    137.0 1
2025 12 24 34326 34326.5 2623 19  4.000  4.333  3.667  2.667  3.333  3.333  3.000  2.667   27   32   22   12   18   18   15   12    20 131    134.2    129.8 1
2025 12 25 34327 34327.5 2623 20  3.000  3.000  3.000  2.000  2.333  2.333  1.333  1.667   15   15   15    7    9    9    5    6    10 128    162.5    157.2 1
2025 12 26 34328 34328.5 2623 21  1.333  2.333  2.000  2.000  2.333  3.333  0.667  1.000    5    9    7    7    9   18    3    4     8 126    166.4    160.9 1
2025 12 27 34329 34329.5 2623 22  1.000  2.667  1.667  1.667  1.000  1.000  2.333  1.667    4   12    6    6    4    4    9    6     6 150    177.7    171.8 1
2025 12 28 34330 34330.5 2623 23  2.000  0.667  0.667  2.000  2.000  2.667  2.333  2.000    7    3    3    7    7   12    9    7     7 162    187.7    181.6 1
2025 12 29 34331 34331.5 2623 24  3.000  2.667  2.333  2.333  2.000  1.000  0.333  2.000   15   12    9    9    7    4    2    7     8 145    195.8    189.4 1
2025 12 30 34332 34332.5 2623 25  1.333  1.667  1.667  1.333  3.000  2.667  2.000  1.000    5    6    6    5   15   12    7    4     8 143    182.1    176.1 1
2025 12 31 34333 34333.5 2623 26  2.000  1.333  2.000  1.667  3.333  1.333  1.000  1.000    7    5    7    6   18    5    4    4     7 143    170.5    164.8 1
2026 01 01 34334 34334.5 2623 27  2.000  3.000  2.667  2.333  3.333  2.333  2.333  2.667    7   15   12    9   18    9    9   12    11 128    169.2    163.6 0